,peaks,control,total,peak_fraction
TTATA,0,4,4,0.0
CCGTC,8,5,13,0.6153846153846154
CTGCA,2,7,9,0.2222222222222222
TGTGA,2,5,7,0.2857142857142857
TTTCA,3,10,13,0.23076923076923078
GTCGA,1,1,2,0.5
GGGTA,5,5,10,0.5
CACAC,3,5,8,0.375
TTGAA,3,3,6,0.5
GTGGA,8,8,16,0.5
ATCCC,6,4,10,0.6
TTGTT,3,4,7,0.42857142857142855
GCGCG,12,9,21,0.5714285714285714
AACCT,2,4,6,0.3333333333333333
CAAGT,5,1,6,0.8333333333333334
CGCCA,10,5,15,0.6666666666666666
TAAAA,0,9,9,0.0
CCTTT,5,9,14,0.35714285714285715
AACGC,5,1,6,0.8333333333333334
TAGCC,3,2,5,0.6
TCTCA,4,9,13,0.3076923076923077
CTGCC,12,10,22,0.5454545454545454
TCAAT,0,1,1,0.0
GAGCT,6,12,18,0.3333333333333333
GCTCT,8,10,18,0.4444444444444444
AAGGC,3,8,11,0.2727272727272727
TTGCA,1,3,4,0.25
CCTCT,9,10,19,0.47368421052631576
TGGTC,5,4,9,0.5555555555555556
TCTCC,18,11,29,0.6206896551724138
ATCAC,0,3,3,0.0
GTAAA,2,4,6,0.3333333333333333
TAGCG,1,0,1,1.0
TTTGT,4,10,14,0.2857142857142857
CCGAG,13,9,22,0.5909090909090909
GTTAT,2,3,5,0.4
GGGGT,8,6,14,0.5714285714285714
TTTAT,1,4,5,0.2
ACTAA,0,4,4,0.0
GGTCG,6,3,9,0.6666666666666666
GTGGC,6,7,13,0.46153846153846156
AGTGA,1,8,9,0.1111111111111111
TAAAG,3,3,6,0.5
TGTGT,4,7,11,0.36363636363636365
TCGCT,7,3,10,0.7
GGGGC,21,10,31,0.6774193548387096
ACGTG,5,1,6,0.8333333333333334
AACAA,3,4,7,0.42857142857142855
TAATA,0,2,2,0.0
TGGCG,10,5,15,0.6666666666666666
GCGAT,6,4,10,0.6
TCGAC,1,1,2,0.5
GGAGC,19,11,30,0.6333333333333333
ACGTA,3,0,3,1.0
GGTCC,12,6,18,0.6666666666666666
TGACT,5,4,9,0.5555555555555556
AATCT,2,3,5,0.4
CCGCA,13,6,19,0.6842105263157895
GCTCA,6,8,14,0.42857142857142855
TGTCT,2,5,7,0.2857142857142857
GGGAA,10,12,22,0.45454545454545453
GCCGA,10,4,14,0.7142857142857143
TATCG,0,1,1,0.0
TGTGG,6,4,10,0.6
GTAAC,3,3,6,0.5
GGACC,12,6,18,0.6666666666666666
CCTAC,1,1,2,0.5
ATGTG,1,5,6,0.16666666666666666
GACAC,4,3,7,0.5714285714285714
GGTGC,9,8,17,0.5294117647058824
CTGTA,3,5,8,0.375
ATGGG,6,8,14,0.42857142857142855
TTAAA,1,5,6,0.16666666666666666
CGGTA,3,1,4,0.75
TTACA,2,4,6,0.3333333333333333
ACCAC,2,3,5,0.4
ATTTA,0,6,6,0.0
AGAAA,6,13,19,0.3157894736842105
AAATC,2,7,9,0.2222222222222222
CCCGG,17,11,28,0.6071428571428571
GTCCG,9,4,13,0.6923076923076923
GTAAG,3,2,5,0.6
AGATG,4,5,9,0.4444444444444444
CGCCT,10,9,19,0.5263157894736842
TTCGG,3,1,4,0.75
GTGTA,2,4,6,0.3333333333333333
CCCCC,15,6,21,0.7142857142857143
TGCAT,0,3,3,0.0
TGCGT,4,4,8,0.5
CAGTT,3,7,10,0.3
AGGCT,7,12,19,0.3684210526315789
GCCCG,18,13,31,0.5806451612903226
AAGAA,5,6,11,0.45454545454545453
TTGAG,3,5,8,0.375
AGCCT,7,12,19,0.3684210526315789
AAGAG,5,10,15,0.3333333333333333
TCAGC,6,8,14,0.42857142857142855
TCAGG,7,6,13,0.5384615384615384
AGGAG,14,12,26,0.5384615384615384
CCCCT,16,11,27,0.5925925925925926
GGTAA,3,5,8,0.375
AGAAG,11,11,22,0.5
TCCGC,18,8,26,0.6923076923076923
GCGCA,8,7,15,0.5333333333333333
CAAGC,2,7,9,0.2222222222222222
GGCCG,15,10,25,0.6
AAGGG,14,9,23,0.6086956521739131
CGCGG,14,8,22,0.6363636363636364
ATAAC,2,3,5,0.4
CACCG,13,6,19,0.6842105263157895
CCTCA,9,16,25,0.36
TCGTC,6,2,8,0.75
GAATG,3,7,10,0.3
TCTAA,1,3,4,0.25
ACCCA,5,7,12,0.4166666666666667
GGAGA,18,11,29,0.6206896551724138
GTCAC,5,8,13,0.38461538461538464
ATTAC,1,3,4,0.25
GTTTC,10,8,18,0.5555555555555556
TGTAA,2,4,6,0.3333333333333333
GCGGT,13,5,18,0.7222222222222222
CATCC,8,5,13,0.6153846153846154
TTTAC,2,4,6,0.3333333333333333
GGCAG,12,10,22,0.5454545454545454
AAGCA,5,6,11,0.45454545454545453
GGGGA,18,12,30,0.6
CCCTT,14,9,23,0.6086956521739131
GGGTT,10,7,17,0.5882352941176471
CTCTC,8,12,20,0.4
CTCCG,14,12,26,0.5384615384615384
TCATC,2,5,7,0.2857142857142857
GAGGC,16,15,31,0.5161290322580645
ATGAT,1,5,6,0.16666666666666666
AGTTT,4,5,9,0.4444444444444444
CAGGA,12,11,23,0.5217391304347826
CGTAA,3,0,3,1.0
GGGCC,12,12,24,0.5
TAGAG,3,4,7,0.42857142857142855
CCCAA,6,7,13,0.46153846153846156
ATCTA,2,3,5,0.4
CTTGG,3,8,11,0.2727272727272727
CCGGA,14,6,20,0.7
CCCAT,6,8,14,0.42857142857142855
GGAAC,9,3,12,0.75
GCACG,4,6,10,0.4
AATGT,4,2,6,0.6666666666666666
GCTCC,19,11,30,0.6333333333333333
GTCGC,10,4,14,0.7142857142857143
GGGTC,7,9,16,0.4375
GTCCT,6,11,17,0.35294117647058826
TGTCC,5,11,16,0.3125
ATCGA,0,1,1,0.0
TGCTG,6,9,15,0.4
TGCGC,8,7,15,0.5333333333333333
CTCCA,11,7,18,0.6111111111111112
TGGTT,6,3,9,0.6666666666666666
GCCGT,6,4,10,0.6
CACCT,9,5,14,0.6428571428571429
GACTG,8,6,14,0.5714285714285714
TACTC,0,1,1,0.0
CGATA,0,1,1,0.0
AGAGT,2,6,8,0.25
GACGG,8,5,13,0.6153846153846154
CTTGC,1,4,5,0.2
GTGCA,1,6,7,0.14285714285714285
ATAGA,2,1,3,0.6666666666666666
CAACT,1,4,5,0.2
CTACG,5,1,6,0.8333333333333334
GTTTG,2,4,6,0.3333333333333333
GGCTA,3,2,5,0.6
GTAGT,4,3,7,0.5714285714285714
TGCAG,2,7,9,0.2222222222222222
TACAG,3,5,8,0.375
GACTT,7,4,11,0.6363636363636364
GAGAC,8,10,18,0.4444444444444444
TGCGA,6,4,10,0.6
CGAGG,11,8,19,0.5789473684210527
CAGAT,1,8,9,0.1111111111111111
AATTG,2,2,4,0.5
CAGCA,6,9,15,0.4
GGCAC,6,9,15,0.4
TGGTG,3,9,12,0.25
AAACC,7,6,13,0.5384615384615384
CAGGC,7,16,23,0.30434782608695654
GACGC,4,8,12,0.3333333333333333
AGCCC,11,15,26,0.4230769230769231
GTTAG,1,0,1,1.0
TCCCC,18,12,30,0.6
CTTCA,6,3,9,0.6666666666666666
CGTTC,7,0,7,1.0
CGGAC,9,4,13,0.6923076923076923
CCAAG,3,8,11,0.2727272727272727
TAGCT,3,7,10,0.3
CCATC,5,3,8,0.625
TTACG,3,0,3,1.0
ACTTG,5,1,6,0.8333333333333334
TGATA,1,2,3,0.3333333333333333
GTGCT,6,7,13,0.46153846153846156
GACCC,7,9,16,0.4375
CCGGC,16,8,24,0.6666666666666666
TATCT,3,5,8,0.375
AGGAT,2,6,8,0.25
AGTTG,1,4,5,0.2
AGGAA,8,10,18,0.4444444444444444
CGTCT,4,2,6,0.6666666666666666
TAATT,3,4,7,0.42857142857142855
GACCA,5,4,9,0.5555555555555556
ACACC,5,2,7,0.7142857142857143
TTGTG,5,4,9,0.5555555555555556
GAACC,7,2,9,0.7777777777777778
TCAAG,2,2,4,0.5
TCTAT,2,1,3,0.6666666666666666
TGATT,1,1,2,0.5
GGCTT,8,8,16,0.5
GCTAT,2,3,5,0.4
AACCG,10,1,11,0.9090909090909091
GTGAT,0,3,3,0.0
CGTTG,3,3,6,0.5
GCGGA,18,8,26,0.6923076923076923
TGGAC,4,9,13,0.3076923076923077
GGAAA,13,11,24,0.5416666666666666
CCAGC,12,13,25,0.48
CAGCG,10,11,21,0.47619047619047616
GGGGG,15,6,21,0.7142857142857143
CCGAA,3,1,4,0.75
CCTGA,7,6,13,0.5384615384615384
TACCG,3,1,4,0.75
TTCGA,0,2,2,0.0
GGTAC,7,0,7,1.0
TTGGG,6,7,13,0.46153846153846156
CCTTC,13,10,23,0.5652173913043478
CTTTT,5,7,12,0.4166666666666667
ACGAA,3,4,7,0.42857142857142855
CCAAT,6,1,7,0.8571428571428571
ACTTC,6,6,12,0.5
GTCTG,6,7,13,0.46153846153846156
GCCAC,6,7,13,0.46153846153846156
ACCAG,6,10,16,0.375
GCACA,3,6,9,0.3333333333333333
TATTC,0,3,3,0.0
CGCTA,1,0,1,1.0
GGTCA,4,5,9,0.4444444444444444
CGTAG,5,1,6,0.8333333333333334
CTCTA,3,4,7,0.42857142857142855
GAATT,1,3,4,0.25
TGACA,3,3,6,0.5
TAACA,2,3,5,0.4
TACAA,2,6,8,0.25
ACGGT,6,2,8,0.75
ATAGG,2,1,3,0.6666666666666666
CTCAC,8,7,15,0.5333333333333333
TAACG,1,0,1,1.0
GAGCA,8,9,17,0.47058823529411764
GGACT,6,6,12,0.5
GGGAT,6,4,10,0.6
GCGAA,8,3,11,0.7272727272727273
CACGA,1,2,3,0.3333333333333333
TAGTA,1,1,2,0.5
CGGGG,21,6,27,0.7777777777777778
CCTGC,11,11,22,0.5
AGCAG,8,13,21,0.38095238095238093
ACCGC,13,5,18,0.7222222222222222
TAGTC,1,5,6,0.16666666666666666
AGATT,2,3,5,0.4
TTCTA,1,1,2,0.5
TGTTT,4,7,11,0.36363636363636365
TGTTG,2,3,5,0.4
GCTCG,7,6,13,0.5384615384615384
CTGCG,14,9,23,0.6086956521739131
GGAGT,9,4,13,0.6923076923076923
AGGCG,10,9,19,0.5263157894736842
TCTGT,6,8,14,0.42857142857142855
ACCTT,3,3,6,0.5
GACCG,8,4,12,0.6666666666666666
TCGCG,8,4,12,0.6666666666666666
CGAAA,2,0,2,1.0
GCGTT,5,1,6,0.8333333333333334
CCCGT,9,3,12,0.75
CGTTT,6,2,8,0.75
GTCTC,8,10,18,0.4444444444444444
GTCGT,1,0,1,1.0
TTAGC,2,4,6,0.3333333333333333
CCTGT,6,13,19,0.3157894736842105
GTCCA,4,9,13,0.3076923076923077
AATTT,2,5,7,0.2857142857142857
CGGTT,10,1,11,0.9090909090909091
GCCGG,16,8,24,0.6666666666666666
GTAGG,1,1,2,0.5
CACAT,1,5,6,0.16666666666666666
ATGAA,0,3,3,0.0
AAGGA,6,7,13,0.46153846153846156
ATATG,1,1,2,0.5
CTGGC,7,11,18,0.3888888888888889
ACACG,2,2,4,0.5
CAGCC,13,14,27,0.48148148148148145
ACGAT,2,0,2,1.0
TGAGT,1,4,5,0.2
TGTCA,3,3,6,0.5
GAAGC,9,7,16,0.5625
ACTGA,5,8,13,0.38461538461538464
CGTAT,1,1,2,0.5
GACGT,1,3,4,0.25
CGAAC,5,3,8,0.625
CTCGG,13,9,22,0.5909090909090909
CCGCT,15,8,23,0.6521739130434783
TGGCA,2,7,9,0.2222222222222222
CACTC,5,4,9,0.5555555555555556
AAGTC,7,4,11,0.6363636363636364
GTACC,7,0,7,1.0
TGTCG,4,2,6,0.6666666666666666
AACTT,1,5,6,0.16666666666666666
TTCTC,11,11,22,0.5
ACTCT,2,6,8,0.25
GAATC,6,1,7,0.8571428571428571
GGCGA,10,9,19,0.5263157894736842
AGGGA,13,10,23,0.5652173913043478
GACGA,6,2,8,0.75
AAAGG,5,9,14,0.35714285714285715
CGCCG,18,10,28,0.6428571428571429
AACCC,10,7,17,0.5882352941176471
GCAAG,1,4,5,0.2
TCGTT,2,2,4,0.5
CATTG,1,1,2,0.5
GTCAT,2,4,6,0.3333333333333333
TTTCG,2,0,2,1.0
AGCGA,7,3,10,0.7
GGAAG,14,11,25,0.56
TTAAG,2,4,6,0.3333333333333333
GTTGT,2,4,6,0.3333333333333333
GTCAG,5,5,10,0.5
GAGAG,8,12,20,0.4
AAGTT,1,5,6,0.16666666666666666
AGTGC,7,6,13,0.5384615384615384
GCGTG,3,5,8,0.375
ATCAG,3,0,3,1.0
AGTCT,6,8,14,0.42857142857142855
CCAGG,11,17,28,0.39285714285714285
AAACA,4,7,11,0.36363636363636365
CGAAT,2,1,3,0.6666666666666666
GATTC,6,1,7,0.8571428571428571
GCTTA,1,0,1,1.0
TCGCA,6,4,10,0.6
GTAAT,1,3,4,0.25
AGATC,1,6,7,0.14285714285714285
CAAAA,3,4,7,0.42857142857142855
GTTCG,5,3,8,0.625
ACAAA,4,10,14,0.2857142857142857
GGAAT,4,7,11,0.36363636363636365
CCCAC,12,8,20,0.6
ACGTC,1,3,4,0.25
ACATA,0,2,2,0.0
GCCAA,5,5,10,0.5
ACCCG,11,8,19,0.5789473684210527
GCATC,3,6,9,0.3333333333333333
GAGAA,11,11,22,0.5
ATTTT,0,7,7,0.0
AATCC,7,5,12,0.5833333333333334
ATGAG,3,8,11,0.2727272727272727
AGTGT,1,3,4,0.25
CTGGT,6,10,16,0.375
GATGG,5,3,8,0.625
CCTCG,11,8,19,0.5789473684210527
TGGGC,7,12,19,0.3684210526315789
GATTT,2,7,9,0.2222222222222222
TTACC,3,5,8,0.375
AACTG,3,7,10,0.3
TGCGG,13,6,19,0.6842105263157895
TACTA,1,1,2,0.5
GTGCC,6,9,15,0.4
GAAAC,10,8,18,0.5555555555555556
TCTCG,5,7,12,0.4166666666666667
CACTT,5,5,10,0.5
GCAGC,15,13,28,0.5357142857142857
AGCGG,15,8,23,0.6521739130434783
AACAT,1,3,4,0.25
GTTAA,3,3,6,0.5
CCGTG,4,5,9,0.4444444444444444
CCTTG,1,4,5,0.2
GAGTC,7,6,13,0.5384615384615384
GTTGA,2,3,5,0.4
GTCGG,5,3,8,0.625
ATGAC,2,4,6,0.3333333333333333
CGTGA,3,1,4,0.75
CAACG,3,3,6,0.5
CCATA,4,0,4,1.0
TAGGC,3,1,4,0.75
CGGTG,13,6,19,0.6842105263157895
TCCGA,5,6,11,0.45454545454545453
TTTTT,2,8,10,0.2
ACGGA,8,5,13,0.6153846153846154
TTCCA,4,6,10,0.4
TAATC,2,3,5,0.4
ATACA,1,6,7,0.14285714285714285
CCGAT,4,1,5,0.8
TAGGG,1,2,3,0.3333333333333333
TTCAA,3,3,6,0.5
GGCGT,3,4,7,0.42857142857142855
TATCC,1,5,6,0.16666666666666666
TTAAT,1,4,5,0.2
GCTTG,2,7,9,0.2222222222222222
CCGAC,5,3,8,0.625
GTGAC,5,8,13,0.38461538461538464
TTTAG,1,7,8,0.125
AGCCA,4,5,9,0.4444444444444444
CTTAC,3,2,5,0.6
AGTCC,6,6,12,0.5
TATCA,1,2,3,0.3333333333333333
GAACA,2,3,5,0.4
CCACG,3,7,10,0.3
TCCGG,14,6,20,0.7
TGGAT,4,8,12,0.3333333333333333
ACATT,4,2,6,0.6666666666666666
CTTTG,3,7,10,0.3
AGCAA,2,4,6,0.3333333333333333
GGGCT,11,15,26,0.4230769230769231
TTGCC,5,3,8,0.625
GTATC,0,3,3,0.0
AGCTA,3,7,10,0.3
GGGCG,22,12,34,0.6470588235294118
CTCTG,10,11,21,0.47619047619047616
AATGA,0,6,6,0.0
CTGTT,5,4,9,0.5555555555555556
TACGA,1,0,1,1.0
TCCCA,9,12,21,0.42857142857142855
CAGTG,3,7,10,0.3
TCACC,6,9,15,0.4
CTTCT,11,11,22,0.5
TATGG,4,0,4,1.0
TCGTA,1,0,1,1.0
CGATC,5,2,7,0.7142857142857143
CGCTG,10,11,21,0.47619047619047616
TCATA,0,2,2,0.0
CCCTG,11,12,23,0.4782608695652174
TAGCA,2,5,7,0.2857142857142857
TTCGT,3,4,7,0.42857142857142855
CACCA,3,9,12,0.25
TTTGG,1,3,4,0.25
CTTCG,4,5,9,0.4444444444444444
AATGC,0,3,3,0.0
CCTAT,2,1,3,0.6666666666666666
CATAT,1,1,2,0.5
AGCGT,4,3,7,0.5714285714285714
TATTA,0,2,2,0.0
TACAT,3,2,5,0.6
TATAG,0,3,3,0.0
GTTCT,6,1,7,0.8571428571428571
GTTGG,5,5,10,0.5
GACCT,6,7,13,0.46153846153846156
GGCCC,12,12,24,0.5
AAGCC,8,8,16,0.5
ATGGA,2,2,4,0.5
CCAAA,1,3,4,0.25
CGTCA,3,5,8,0.375
TATAA,0,4,4,0.0
GATAG,4,2,6,0.6666666666666666
CGTCC,9,7,16,0.5625
GAGTA,0,1,1,0.0
AGCAT,2,7,9,0.2222222222222222
TCGAA,0,2,2,0.0
TGTAT,1,6,7,0.14285714285714285
GAACT,5,7,12,0.4166666666666667
TGAGA,4,9,13,0.3076923076923077
AAAGT,3,8,11,0.2727272727272727
ACCAA,3,2,5,0.6
CCTAG,2,2,4,0.5
TGGTA,2,3,5,0.4
ATCCG,7,3,10,0.7
GGCAA,5,3,8,0.625
CGCTT,4,1,5,0.8
ATCGC,6,4,10,0.6
AAATA,2,6,8,0.25
CGCGC,12,9,21,0.5714285714285714
CTATA,0,3,3,0.0
TACAC,2,4,6,0.3333333333333333
TAGTG,1,4,5,0.2
TCCCT,13,10,23,0.5652173913043478
TCGCC,10,9,19,0.5263157894736842
ATTTG,5,4,9,0.5555555555555556
CTAAT,2,3,5,0.4
AGAAC,6,1,7,0.8571428571428571
AGCTG,9,9,18,0.5
CATCG,1,2,3,0.3333333333333333
TGGGT,5,7,12,0.4166666666666667
GCGAC,10,4,14,0.7142857142857143
GCCAG,7,11,18,0.3888888888888889
CTAAC,1,0,1,1.0
ATTAG,2,3,5,0.4
AAATT,2,5,7,0.2857142857142857
AATCG,4,2,6,0.6666666666666666
ATCGG,4,1,5,0.8
AAGAT,3,5,8,0.375
ACAGA,6,8,14,0.42857142857142855
AGCTC,6,12,18,0.3333333333333333
GATAT,0,4,4,0.0
CCTCC,18,16,34,0.5294117647058824
CTCCT,14,12,26,0.5384615384615384
TTCCG,15,6,21,0.7142857142857143
TGGCT,4,5,9,0.4444444444444444
CGGGT,11,8,19,0.5789473684210527
TATTG,2,3,5,0.4
TCTTA,2,6,8,0.25
CCTTA,2,6,8,0.25
CCTAA,2,3,5,0.4
CCGCC,25,13,38,0.6578947368421053
CACAG,5,9,14,0.35714285714285715
TACTT,2,3,5,0.4
CAACA,2,3,5,0.4
TTTGA,4,4,8,0.5
GATTA,2,3,5,0.4
TCGGA,5,6,11,0.45454545454545453
GTGTG,3,5,8,0.375
GGCTG,13,14,27,0.48148148148148145
CATCT,4,5,9,0.4444444444444444
ATACT,0,3,3,0.0
CCCCG,21,6,27,0.7777777777777778
TCATT,0,6,6,0.0
ACGTT,3,1,4,0.75
CAGTC,8,6,14,0.5714285714285714
GGTTC,7,2,9,0.7777777777777778
GACTC,7,6,13,0.5384615384615384
ACACA,4,7,11,0.36363636363636365
TACTG,1,2,3,0.3333333333333333
GATAC,0,3,3,0.0
ATTCA,1,3,4,0.25
TAGAT,2,3,5,0.4
TCGAG,3,4,7,0.42857142857142855
ATTCT,4,6,10,0.4
TTAAC,3,3,6,0.5
TTTTG,3,4,7,0.42857142857142855
CAACC,8,3,11,0.7272727272727273
TCGGT,3,0,3,1.0
TTGCT,2,4,6,0.3333333333333333
CCGTA,6,0,6,1.0
TGCCG,9,4,13,0.6923076923076923
TGCCT,6,11,17,0.35294117647058826
GGACA,5,11,16,0.3125
GTTCC,9,3,12,0.75
GAACG,7,0,7,1.0
GGCGG,25,13,38,0.6578947368421053
AATTC,1,3,4,0.25
GGCGC,14,14,28,0.5
CTTAT,1,2,3,0.3333333333333333
TTAGG,2,3,5,0.4
GCTGC,15,13,28,0.5357142857142857
GTCTA,3,3,6,0.5
TAGAC,3,3,6,0.5
CGGCG,18,10,28,0.6428571428571429
GGTTA,6,1,7,0.8571428571428571
TCAAC,2,3,5,0.4
CGCAT,2,3,5,0.4
TTGTA,2,6,8,0.25
GTATT,2,4,6,0.3333333333333333
ATGTC,2,3,5,0.4
CTGGA,11,16,27,0.4074074074074074
CGCTC,15,6,21,0.7142857142857143
GGTGT,5,2,7,0.7142857142857143
ACAGC,6,5,11,0.5454545454545454
TGCAC,1,6,7,0.14285714285714285
CTGCT,8,13,21,0.38095238095238093
CGGGC,18,13,31,0.5806451612903226
AACCA,6,3,9,0.6666666666666666
AGTAA,1,1,2,0.5
AGGGT,7,8,15,0.4666666666666667
CCGTT,7,2,9,0.7777777777777778
TGAGG,9,16,25,0.36
ACTCA,1,4,5,0.2
CCAGA,8,10,18,0.4444444444444444
ATGCA,0,3,3,0.0
CTCAT,3,8,11,0.2727272727272727
CGGCC,15,10,25,0.6
CGATG,1,2,3,0.3333333333333333
AAAAT,0,7,7,0.0
AAGCT,3,5,8,0.375
CACGG,4,5,9,0.4444444444444444
GGAGG,18,16,34,0.5294117647058824
GGTTG,8,3,11,0.7272727272727273
TGACC,4,5,9,0.4444444444444444
AGCGC,10,6,16,0.625
AAAGC,4,4,8,0.5
CGTTA,1,0,1,1.0
TCTCT,6,9,15,0.4
TCCAT,2,2,4,0.5
ATAAG,1,2,3,0.3333333333333333
AATGG,4,8,12,0.3333333333333333
GTACA,4,1,5,0.8
CAGTA,1,2,3,0.3333333333333333
ATGCG,2,3,5,0.4
AGGTG,9,5,14,0.6428571428571429
CGACG,3,4,7,0.42857142857142855
CAATA,2,3,5,0.4
TAAAC,1,1,2,0.5
GCCCA,7,12,19,0.3684210526315789
TCGGG,8,5,13,0.6153846153846154
AGACT,6,8,14,0.42857142857142855
AGGTC,6,7,13,0.46153846153846156
GGTCT,6,7,13,0.46153846153846156
CATGA,2,4,6,0.3333333333333333
TCTAG,3,4,7,0.42857142857142855
AGTCA,5,4,9,0.5555555555555556
TCACG,3,1,4,0.75
TGTGC,3,6,9,0.3333333333333333
ACTGG,2,8,10,0.2
ATAGT,0,2,2,0.0
CAAGA,1,4,5,0.2
ATACG,1,1,2,0.5
CTTGT,3,2,5,0.6
TAATG,1,5,6,0.16666666666666666
AAGGT,3,3,6,0.5
GCCTG,7,16,23,0.30434782608695654
GGTGA,6,9,15,0.4
ACATG,1,6,7,0.14285714285714285
AATCA,1,1,2,0.5
CCGGG,17,11,28,0.6071428571428571
CTACC,2,5,7,0.2857142857142857
TACGG,6,0,6,1.0
AACGA,2,2,4,0.5
TTCCT,8,10,18,0.4444444444444444
CTATG,2,2,4,0.5
TACGC,2,3,5,0.4
CAATT,2,2,4,0.5
TGGAA,4,6,10,0.4
GAAAG,3,9,12,0.25
GCAGG,11,11,22,0.5
GCGTC,4,8,12,0.3333333333333333
GGGAC,13,10,23,0.5652173913043478
TGCTC,8,9,17,0.47058823529411764
AGGTA,2,2,4,0.5
ACTCC,9,4,13,0.6923076923076923
TTCCC,10,12,22,0.45454545454545453
GCGCC,14,14,28,0.5
AATAG,0,0,0,
TCAGT,5,8,13,0.38461538461538464
ATCAT,1,5,6,0.16666666666666666
CAAAG,3,7,10,0.3
TCCAG,11,16,27,0.4074074074074074
TGACG,3,5,8,0.375
CTTGA,2,2,4,0.5
ACACT,1,3,4,0.25
TGAAC,1,4,5,0.2
CTCGA,3,4,7,0.42857142857142855
GCCCC,21,10,31,0.6774193548387096
CATAA,2,1,3,0.6666666666666666
GAAAT,4,6,10,0.4
TCAGA,3,5,8,0.375
CGCAA,2,2,4,0.5
GCGGC,18,9,27,0.6666666666666666
GTGGG,12,8,20,0.6
TTATG,2,1,3,0.6666666666666666
AGAGA,6,9,15,0.4
GTGAA,1,7,8,0.125
TATGT,0,2,2,0.0
GGATG,8,5,13,0.6153846153846154
CGTGT,2,2,4,0.5
AAAAG,5,7,12,0.4166666666666667
CCACA,6,4,10,0.6
GAGGG,16,14,30,0.5333333333333333
CATTA,1,5,6,0.16666666666666666
CAATC,3,1,4,0.75
ACTAG,1,2,3,0.3333333333333333
TCCTC,9,12,21,0.42857142857142855
AAGAC,1,0,1,1.0
GTGTT,3,5,8,0.375
GCTGT,6,5,11,0.5454545454545454
CTGAA,6,6,12,0.5
GAGGA,9,12,21,0.42857142857142855
ACTTA,2,3,5,0.4
CAAAC,2,4,6,0.3333333333333333
TCCAA,4,3,7,0.5714285714285714
ACGGG,9,3,12,0.75
TTTCC,13,11,24,0.5416666666666666
GCTAC,3,5,8,0.375
ACAAG,3,2,5,0.6
ATTCG,2,1,3,0.6666666666666666
CAGCT,9,9,18,0.5
GCAGT,5,7,12,0.4166666666666667
TCGAT,0,1,1,0.0
GCCTC,16,15,31,0.5161290322580645
GCAGA,7,10,17,0.4117647058823529
GATCT,1,6,7,0.14285714285714285
CCATT,4,8,12,0.3333333333333333
ATTCC,4,7,11,0.36363636363636365
AGAGC,8,10,18,0.4444444444444444
CGCAG,14,9,23,0.6086956521739131
ACGAG,2,2,4,0.5
CGCCC,22,12,34,0.6470588235294118
CTGGG,9,15,24,0.375
TCGTG,1,2,3,0.3333333333333333
GAGCC,11,10,21,0.5238095238095238
GGCCT,5,10,15,0.3333333333333333
TCCTA,1,3,4,0.25
CAGAG,10,11,21,0.47619047619047616
GCTGG,12,13,25,0.48
GCGAG,8,9,17,0.47058823529411764
AACTA,2,1,3,0.6666666666666666
CACCC,9,9,18,0.5
CGCGA,8,4,12,0.6666666666666666
TCTTG,1,4,5,0.2
AGAGG,9,10,19,0.47368421052631576
ACTGT,3,3,6,0.5
ATGCT,2,7,9,0.2222222222222222
ACAGG,6,13,19,0.3157894736842105
ACCCT,7,8,15,0.4666666666666667
CCAGT,2,8,10,0.2
TTCTG,10,10,20,0.5
ACGCG,4,7,11,0.36363636363636365
GAAGT,6,6,12,0.5
GTTCA,1,4,5,0.2
TCTGC,7,10,17,0.4117647058823529
GGATA,1,5,6,0.16666666666666666
AGTGG,7,5,12,0.5833333333333334
GCATT,0,3,3,0.0
TATAT,0,1,1,0.0
ACGGC,6,4,10,0.6
CACGC,3,5,8,0.375
CAAAT,5,4,9,0.5555555555555556
CTTCC,14,11,25,0.56
TTATT,2,5,7,0.2857142857142857
AACAG,5,4,9,0.5555555555555556
CGGAG,14,12,26,0.5384615384615384
CGAGA,5,7,12,0.4166666666666667
ATACC,0,2,2,0.0
CATTT,3,4,7,0.42857142857142855
AGGGG,16,11,27,0.5925925925925926
CTTAA,2,4,6,0.3333333333333333
GCCGC,18,9,27,0.6666666666666666
GTTGC,3,2,5,0.6
CGATT,4,2,6,0.6666666666666666
CTCCC,19,15,34,0.5588235294117647
ACGCC,3,4,7,0.42857142857142855
AGATA,3,5,8,0.375
CCATG,5,10,15,0.3333333333333333
AACAC,3,5,8,0.375
CTGAC,5,5,10,0.5
CGTGG,3,7,10,0.3
CCGCG,14,8,22,0.6363636363636364
TGCCA,2,7,9,0.2222222222222222
CGACT,4,2,6,0.6666666666666666
CGGAT,7,3,10,0.7
ACCTA,1,0,1,1.0
TTGGC,5,5,10,0.5
ATATC,0,4,4,0.0
AATAT,1,3,4,0.25
CCGGT,10,3,13,0.7692307692307693
TACCC,5,5,10,0.5
TATGA,0,2,2,0.0
CTCGC,8,9,17,0.47058823529411764
TTGGT,3,2,5,0.6
CACAA,5,4,9,0.5555555555555556
CTAAA,1,7,8,0.125
GCAAC,3,2,5,0.6
ATCCA,4,8,12,0.3333333333333333
GACAG,6,10,16,0.375
TAGGT,1,0,1,1.0
CCCAG,9,15,24,0.375
TAAAT,0,6,6,0.0
GCCTA,3,1,4,0.75
TATTT,2,6,8,0.25
ACATC,3,2,5,0.6
TACCA,2,3,5,0.4
ACCAT,4,7,11,0.36363636363636365
AGGGC,9,12,21,0.42857142857142855
ATGCC,4,5,9,0.4444444444444444
TCCCG,13,10,23,0.5652173913043478
GTATA,0,2,2,0.0
ACGCT,4,3,7,0.5714285714285714
AGCTT,3,5,8,0.375
AGGCC,5,10,15,0.3333333333333333
CTCAA,3,5,8,0.375
ATTTC,4,6,10,0.4
GGACG,9,7,16,0.5625
TCAAA,4,4,8,0.5
GATGT,3,2,5,0.6
GGGCA,9,7,16,0.5625
TATGC,1,2,3,0.3333333333333333
AAACT,4,5,9,0.4444444444444444
ACAGT,3,3,6,0.5
AAAAA,2,8,10,0.2
TCTTT,3,5,8,0.375
CCACC,11,10,21,0.5238095238095238
GAGGT,7,7,14,0.5
ATCGT,2,0,2,1.0
GGTAT,0,2,2,0.0
TTCGC,8,3,11,0.7272727272727273
TTGGA,4,3,7,0.5714285714285714
ACGCA,4,4,8,0.5
TAAGT,2,3,5,0.4
TAAGA,2,6,8,0.25
ATTGA,0,1,1,0.0
TAGGA,1,3,4,0.25
TCTAC,3,3,6,0.5
ACTAT,0,2,2,0.0
AAAAC,6,7,13,0.46153846153846156
GATCC,5,6,11,0.45454545454545453
CATAG,2,2,4,0.5
CTAGT,1,2,3,0.3333333333333333
ACCTG,7,7,14,0.5
GGCCA,7,9,16,0.4375
CATGT,1,6,7,0.14285714285714285
AAAGA,3,5,8,0.375
CCCGA,8,5,13,0.6153846153846154
TGAAT,1,3,4,0.25
TCATG,2,4,6,0.3333333333333333
GTATG,0,3,3,0.0
TTACT,1,1,2,0.5
GTTTT,6,7,13,0.46153846153846156
TTCAG,6,6,12,0.5
AAGTG,5,5,10,0.5
AGGAC,6,11,17,0.35294117647058826
TTTGC,5,3,8,0.625
TGTTA,2,3,5,0.4
TCGGC,10,4,14,0.7142857142857143
GTGGT,2,3,5,0.4
ATTGT,4,1,5,0.8
CTACT,0,3,3,0.0
CGGAA,15,6,21,0.7142857142857143
GTAGC,3,5,8,0.375
ACAAT,4,1,5,0.8
CCCGC,22,12,34,0.6470588235294118
TACGT,3,0,3,1.0
CTGTC,6,10,16,0.375
TCTGG,8,10,18,0.4444444444444444
TTGCG,2,2,4,0.5
GTACT,3,1,4,0.75
CGTAC,2,0,2,1.0
CGGGA,13,10,23,0.5652173913043478
AATAC,2,4,6,0.3333333333333333
CTTTC,3,9,12,0.25
TTATC,1,2,3,0.3333333333333333
TCACT,1,8,9,0.1111111111111111
GCCCT,9,12,21,0.42857142857142855
CTAGA,3,4,7,0.42857142857142855
CACTA,1,4,5,0.2
TCCAC,8,8,16,0.5
CGAGT,4,5,9,0.4444444444444444
ACCGA,3,0,3,1.0
TGCAA,1,3,4,0.25
ACTCG,4,5,9,0.4444444444444444
TGATC,1,4,5,0.2
AGACG,4,2,6,0.6666666666666666
CATAC,0,3,3,0.0
CGTGC,4,6,10,0.4
GTCCC,13,10,23,0.5652173913043478
ATCTT,3,5,8,0.375
CGACA,4,2,6,0.6666666666666666
GTAGA,3,3,6,0.5
GTGCG,9,8,17,0.5294117647058824
GAAGA,7,9,16,0.4375
GCTAA,2,4,6,0.3333333333333333
TGCTT,5,6,11,0.45454545454545453
TAACC,6,1,7,0.8571428571428571
CCCCA,12,10,22,0.5454545454545454
ATCTG,1,8,9,0.1111111111111111
CGCGT,4,7,11,0.36363636363636365
CTCAG,5,14,19,0.2631578947368421
CATTC,3,7,10,0.3
AGTAC,3,1,4,0.75
ACTTT,3,8,11,0.2727272727272727
CAAGG,1,4,5,0.2
CTTAG,1,6,7,0.14285714285714285
CGTCG,3,4,7,0.42857142857142855
TTTAA,1,5,6,0.16666666666666666
ATAAT,1,2,3,0.3333333333333333
GCATA,1,2,3,0.3333333333333333
GGTAG,2,5,7,0.2857142857142857
GGCAT,4,5,9,0.4444444444444444
ACCTC,7,7,14,0.5
TGAAG,6,3,9,0.6666666666666666
CAGGT,7,7,14,0.5
TCCTT,6,7,13,0.46153846153846156
TGTAC,4,1,5,0.8
CGACC,6,3,9,0.6666666666666666
ATAAA,1,4,5,0.2
TGTTC,2,3,5,0.4
GGCTC,11,10,21,0.5238095238095238
GACTA,1,5,6,0.16666666666666666
CTACA,3,4,7,0.42857142857142855
TAAGG,2,6,8,0.25
TTCAC,1,7,8,0.125
GAGAT,3,3,6,0.5
GTTAC,3,3,6,0.5
TGCCC,9,7,16,0.5625
GCCTT,3,8,11,0.2727272727272727
GTTTA,1,1,2,0.5
GACAA,1,5,6,0.16666666666666666
ATCTC,3,3,6,0.5
TAAGC,1,0,1,1.0
CTATC,4,2,6,0.6666666666666666
CAGGG,11,12,23,0.4782608695652174
TTAGA,1,3,4,0.25
AATAA,2,5,7,0.2857142857142857
CCTGG,11,17,28,0.39285714285714285
ACTGC,5,7,12,0.4166666666666667
GCAAA,5,3,8,0.625
CCCTC,16,14,30,0.5333333333333333
ATTAA,1,4,5,0.2
ATCCT,2,6,8,0.25
TTTTC,8,7,15,0.5333333333333333
AGACA,2,5,7,0.2857142857142857
CACTG,3,7,10,0.3
AGAAT,4,6,10,0.4
GGGAG,19,15,34,0.5588235294117647
TTTTA,0,9,9,0.0
TTCAT,0,3,3,0.0
GCGGG,22,12,34,0.6470588235294118
GGTTT,7,6,13,0.5384615384615384
GCTGA,6,8,14,0.42857142857142855
GTCTT,1,0,1,1.0
CTCTT,5,10,15,0.3333333333333333
AACGT,3,1,4,0.75
CGCAC,9,8,17,0.5294117647058824
GGATC,5,6,11,0.45454545454545453
TATAC,0,2,2,0.0
TCCGT,8,5,13,0.6153846153846154
GTGTC,4,3,7,0.5714285714285714
TGGAG,11,7,18,0.6111111111111112
TCCTG,12,11,23,0.5217391304347826
CTCGT,2,2,4,0.5
ATCAA,0,3,3,0.0
CTGAT,3,0,3,1.0
GCGTA,2,3,5,0.4
ATGTA,3,2,5,0.6
CCACT,7,5,12,0.5833333333333334
TCACA,2,5,7,0.2857142857142857
GCACC,9,8,17,0.5294117647058824
GATAA,1,2,3,0.3333333333333333
CATGG,5,10,15,0.3333333333333333
CGGCT,13,5,18,0.7222222222222222
TGAAA,3,10,13,0.23076923076923078
AAGTA,2,3,5,0.4
AAGCG,4,1,5,0.8
TGCTA,2,5,7,0.2857142857142857
AGTTA,0,5,5,0.0
ACTAC,4,3,7,0.5714285714285714
AGCAC,6,7,13,0.46153846153846156
ATTGC,1,4,5,0.2
CACGT,5,1,6,0.8333333333333334
ATGGT,4,7,11,0.36363636363636365
TTAGT,0,4,4,0.0
TTGAC,2,1,3,0.6666666666666666
GAGTT,3,7,10,0.3
GCACT,7,6,13,0.5384615384615384
ATATT,1,3,4,0.25
GAATA,0,3,3,0.0
CCCTA,1,2,3,0.3333333333333333
ATAGC,2,3,5,0.4
TAGTT,2,1,3,0.6666666666666666
GCCAT,7,5,12,0.5833333333333334
AGTTC,5,7,12,0.4166666666666667
TAACT,0,5,5,0.0
ATGTT,1,3,4,0.25
GTACG,2,0,2,1.0
AGGTT,2,4,6,0.3333333333333333
GAAAA,8,7,15,0.5333333333333333
TTGTC,1,5,6,0.16666666666666666
TGGGA,9,12,21,0.42857142857142855
GAGCG,15,6,21,0.7142857142857143
AGTAT,0,3,3,0.0
TTGAT,0,3,3,0.0
GCTTT,4,4,8,0.5
AATTA,3,4,7,0.42857142857142855
CGAGC,7,6,13,0.5384615384615384
TGAGC,6,8,14,0.42857142857142855
GGTGG,11,10,21,0.5238095238095238
AGTCG,4,2,6,0.6666666666666666
CTTTA,3,3,6,0.5
GATGC,3,6,9,0.3333333333333333
AGACC,6,7,13,0.46153846153846156
GGGTG,9,9,18,0.5
ACGAC,1,0,1,1.0
ATTGG,6,1,7,0.8571428571428571
AGCCG,13,5,18,0.7222222222222222
GAGTG,5,4,9,0.5555555555555556
GCTAG,2,0,2,1.0
GCAAT,1,4,5,0.2
ACCCC,8,6,14,0.5714285714285714
GTGAG,8,7,15,0.5333333333333333
TGATG,1,3,4,0.25
TCTTC,7,9,16,0.4375
CTGAG,5,14,19,0.2631578947368421
ATTAT,1,2,3,0.3333333333333333
CTGTG,5,9,14,0.35714285714285715
CGAAG,4,5,9,0.4444444444444444
CTAAG,1,6,7,0.14285714285714285
TTTCT,6,13,19,0.3157894736842105
GCGCT,10,6,16,0.625
TAGAA,1,1,2,0.5
AAATG,3,4,7,0.42857142857142855
AGGCA,6,11,17,0.35294117647058826
CGGCA,9,4,13,0.6923076923076923
CTATT,0,0,0,
GACAT,2,3,5,0.4
CAGAC,6,7,13,0.46153846153846156
TCTGA,3,5,8,0.375
ATATA,0,1,1,0.0
GAAGG,13,10,23,0.5652173913043478
ATGGC,7,5,12,0.5833333333333334
CCAAC,5,5,10,0.5
CGGTC,8,4,12,0.6666666666666666
TGTAG,3,4,7,0.42857142857142855
ACCGT,6,2,8,0.75
CATCA,1,3,4,0.25
TTCTT,5,6,11,0.45454545454545453
GATCA,1,4,5,0.2
GCATG,4,7,11,0.36363636363636365
TACCT,2,2,4,0.5
GATCG,5,2,7,0.7142857142857143
CTAGC,2,0,2,1.0
AGTAG,0,3,3,0.0
ACCGG,10,3,13,0.7692307692307693
CAGAA,10,10,20,0.5
AACGG,7,2,9,0.7777777777777778
CATGC,4,7,11,0.36363636363636365
GTCAA,2,1,3,0.6666666666666666
CAATG,1,1,2,0.5
ACAAC,2,4,6,0.3333333333333333
GATTG,3,1,4,0.75
GGATT,7,5,12,0.5833333333333334
AAACG,6,2,8,0.75
GATGA,2,5,7,0.2857142857142857
AACTC,3,7,10,0.3
GCTTC,9,7,16,0.5625
TGGGG,12,10,22,0.5454545454545454
TGGCC,7,9,16,0.4375
CTAGG,2,2,4,0.5
